%YAML:1.0
---
K: !!opencv-matrix
   rows: 3
   cols: 3
   dt: d
   data: [ 7.5583813329038389e+02, 0., 6.3576881023133171e+02, 0.,
       7.5575014811192239e+02, 3.6577516963645650e+02, 0., 0., 1. ]
D: !!opencv-matrix
   rows: 1
   cols: 5
   dt: d
   data: [ -3.5711847426997834e-01, 1.5305692772332999e-01,
       -2.0754936082420052e-03, -3.6092069273894345e-04,
       -3.3892067843885980e-02 ]
