%YAML:1.0
---
K: !!opencv-matrix
   rows: 3
   cols: 3
   dt: d
   data: [ 7.5214094257281545e+02, 0., 6.3423076328243076e+02, 0.,
       7.5289048057673619e+02, 3.4095982079730487e+02, 0., 0., 1. ]
D: !!opencv-matrix
   rows: 1
   cols: 5
   dt: d
   data: [ -3.5090470583698075e-01, 1.4237817121970436e-01,
       8.8366215938078083e-04, -1.9032567535568915e-05,
       -2.9122831673918846e-02 ]
