%YAML:1.0
---
K1: !!opencv-matrix
   rows: 3
   cols: 3
   dt: d
   data: [ 7.5583813329038389e+02, 0., 6.3576881023133171e+02, 0.,
       7.5575014811192239e+02, 3.6577516963645650e+02, 0., 0., 1. ]
D1: !!opencv-matrix
   rows: 1
   cols: 5
   dt: d
   data: [ -3.5711847426997834e-01, 1.5305692772332999e-01,
       -2.0754936082420052e-03, -3.6092069273894345e-04,
       -3.3892067843885980e-02 ]
K2: !!opencv-matrix
   rows: 3
   cols: 3
   dt: d
   data: [ 7.5214094257281545e+02, 0., 6.3423076328243076e+02, 0.,
       7.5289048057673619e+02, 3.4095982079730487e+02, 0., 0., 1. ]
D2: !!opencv-matrix
   rows: 1
   cols: 5
   dt: d
   data: [ -3.5090470583698075e-01, 1.4237817121970436e-01,
       8.8366215938078083e-04, -1.9032567535568915e-05,
       -2.9122831673918846e-02 ]
R: !!opencv-matrix
   rows: 3
   cols: 3
   dt: d
   data: [ 9.9710142201891305e-01, -1.8797197510276725e-03,
       7.6060639370959651e-02, 1.5653581492379714e-04,
       9.9974332987467229e-01, 2.2655018597228890e-02,
       -7.6083701963036918e-02, -2.2577445044994288e-02,
       9.9684579011542207e-01 ]
T: !!opencv-matrix
   rows: 3
   cols: 1
   dt: d
   data: [ -2.4096987039408288e-01, -1.0319163508288881e-02,
       -8.5842226682735570e-03 ]
E: !!opencv-matrix
   rows: 3
   cols: 3
   dt: d
   data: [ 7.8646389916336317e-04, 8.8149997017841538e-03,
       -1.0092138976557969e-02, -2.6893220430597588e-02,
       -5.4243480734250289e-03, 2.3955687938234882e-01,
       1.0251532193126299e-02, -2.4092741776270926e-01,
       -4.6742947209358551e-03 ]
F: !!opencv-matrix
   rows: 3
   cols: 3
   dt: d
   data: [ -3.5054770350765967e-07, -3.9295352972834162e-06,
       5.0602049991576746e-03, 1.1975084035562353e-05,
       2.4156491985008342e-06, -8.9122614848799339e-02,
       -7.2975108642323169e-03, 8.2448685736401350e-02, 1. ]
R1: !!opencv-matrix
   rows: 3
   cols: 3
   dt: d
   data: [ 9.9285857396812749e-01, 4.0066345056022121e-02,
       1.1236787838091547e-01, -4.1245748439192965e-02,
       9.9911546507973481e-01, 8.1899740046071506e-03,
       -1.1194034274410299e-01, -1.2766183155395355e-02,
       9.9363292227762645e-01 ]
R2: !!opencv-matrix
   rows: 3
   cols: 3
   dt: d
   data: [ 9.9845215514154739e-01, 4.2757175522646115e-02,
       3.5568494971324867e-02, -4.2381316834999280e-02,
       9.9903810956463712e-01, -1.1255204167304161e-02,
       -3.6015522716336346e-02, 9.7303432026791675e-03,
       9.9930385896614404e-01 ]
P1: !!opencv-matrix
   rows: 3
   cols: 4
   dt: d
   data: [ 7.5432031434432929e+02, 0., 6.8523548412322998e+02, 0., 0.,
       7.5432031434432929e+02, 4.2618744659423828e+02, 0., 0., 0., 1.,
       0. ]
P2: !!opencv-matrix
   rows: 3
   cols: 4
   dt: d
   data: [ 7.5432031434432929e+02, 0., 6.8523548412322998e+02,
       -1.8205025393270665e+02, 0., 7.5432031434432929e+02,
       4.2618744659423828e+02, 0., 0., 0., 1., 0. ]
Q: !!opencv-matrix
   rows: 4
   cols: 4
   dt: d
   data: [ 1., 0., 0., -6.8523548412322998e+02, 0., 1., 0.,
       -4.2618744659423828e+02, 0., 0., 0., 7.5432031434432929e+02, 0.,
       0., 4.1434730139028391e+00, 0. ]
