%YAML:1.0
---
K: !!opencv-matrix
   rows: 3
   cols: 3
   dt: d
   data: [ 9.7303475037541159e+02, 0., 6.5050952222714568e+02, 0.,
       9.6148999544972696e+02, 3.5889953514621067e+02, 0., 0., 1. ]
D: !!opencv-matrix
   rows: 1
   cols: 5
   dt: d
   data: [ -4.0373321035777010e-01, 8.4419760763180932e-02,
       -1.1592811326755991e-03, -9.2987789319054423e-03,
       6.2289385862940777e-02 ]
board_width: 8
board_height: 6
square_size: 2.3600000888109207e-02
