%YAML:1.0
---
K: !!opencv-matrix
   rows: 3
   cols: 3
   dt: d
   data: [ 7.5807775266175702e+02, 0., 6.3417723342004717e+02, 0.,
       7.5740553418588900e+02, 3.5300032159037403e+02, 0., 0., 1. ]
D: !!opencv-matrix
   rows: 1
   cols: 5
   dt: d
   data: [ -3.6637978742767841e-01, 1.6758705214712061e-01,
       -1.1583434380454138e-03, -9.1417074243295806e-05,
       -4.1771358388952344e-02 ]
board_width: 8
board_height: 6
square_size: 2.3600000888109207e-02
