%YAML:1.0
---
K1: !!opencv-matrix
   rows: 3
   cols: 3
   dt: d
   data: [ 7.6852320603726821e+02, 0., 6.3278390052790189e+02, 0.,
       7.6757791181389598e+02, 3.6824587735881812e+02, 0., 0., 1. ]
K2: !!opencv-matrix
   rows: 3
   cols: 3
   dt: d
   data: [ 7.5965766398831715e+02, 0., 6.3450734604282218e+02, 0.,
       7.6037407862602231e+02, 3.5213406995272999e+02, 0., 0., 1. ]
D1: !!opencv-matrix
   rows: 1
   cols: 5
   dt: d
   data: [ -3.5905632371532786e-01, 1.5056450340070762e-01,
       -2.7738985317037191e-03, -3.7759934073567774e-04,
       -3.2197049467466606e-02 ]
D2: !!opencv-matrix
   rows: 1
   cols: 5
   dt: d
   data: [ -3.6010109574088084e-01, 1.5670721222253026e-01,
       -1.1315032350149102e-03, -7.1059500961275187e-05,
       -3.6838699448908399e-02 ]
R: !!opencv-matrix
   rows: 3
   cols: 3
   dt: d
   data: [ 9.9730599121207908e-01, -2.8660781703646583e-03,
       7.3297649951508573e-02, 2.0786999566608311e-03,
       9.9993934222433478e-01, 1.0816232174596797e-02,
       -7.3324204046022232e-02, -1.0634729328288701e-02,
       9.9725145456556319e-01 ]
T: !!opencv-matrix
   rows: 3
   cols: 1
   dt: d
   data: [ -2.4216537601706420e-01, -1.0390530273174653e-02,
       -1.2911305857544634e-02 ]
E: !!opencv-matrix
   rows: 3
   cols: 3
   dt: d
   data: [ 7.8871609282314215e-04, 1.3021023163482984e-02,
       -1.0222319746798507e-02, -3.0633106130057788e-02,
       -2.5383584147555239e-03, 2.4055340510127066e-01,
       9.8591489366761376e-03, -2.4218046687600631e-01,
       -1.8577154808753931e-03 ]
F: !!opencv-matrix
   rows: 3
   cols: 3
   dt: d
   data: [ -4.3059411426935069e-07, -7.1174924570305187e-06,
       7.1824384311472231e-03, 1.6708176064356840e-05,
       1.3861986410782243e-06, -1.1191701218369446e-01,
       -9.6991864212985137e-03, 1.0459113998942983e-01, 1. ]
R1: !!opencv-matrix
   rows: 3
   cols: 3
   dt: d
   data: [ 9.9116742233095811e-01, 3.9378961691546553e-02,
       1.2663505946577250e-01, -3.9955832960332796e-02,
       9.9919941010590774e-01, 2.0174876584787825e-03,
       -1.2645423014771001e-01, -7.0594773249751473e-03,
       9.9194732292478505e-01 ]
R2: !!opencv-matrix
   rows: 3
   cols: 3
   dt: d
   data: [ 9.9766639766273235e-01, 4.2806626933790906e-02,
       5.3191650333656651e-02, -4.2564098108182000e-02,
       9.9907756631892519e-01, -5.6845431206635835e-03,
       -5.3385920680492235e-02, 3.4072230342130330e-03,
       9.9856814204354183e-01 ]
P1: !!opencv-matrix
   rows: 3
   cols: 4
   dt: d
   data: [ 7.6397599521995915e+02, 0., 4.5383691406250000e+02, 0., 0.,
       7.6397599521995915e+02, 4.2532750320434570e+02, 0., 0., 0., 1.,
       0. ]
P2: !!opencv-matrix
   rows: 3
   cols: 4
   dt: d
   data: [ 7.6397599521995915e+02, 0., 4.5383691406250000e+02,
       -1.8544128035571626e+02, 0., 7.6397599521995915e+02,
       4.2532750320434570e+02, 0., 0., 0., 1., 0. ]
Q: !!opencv-matrix
   rows: 4
   cols: 4
   dt: d
   data: [ 1., 0., 0., -4.5383691406250000e+02, 0., 1., 0.,
       -4.2532750320434570e+02, 0., 0., 0., 7.6397599521995915e+02, 0.,
       0., 4.1197730826409789e+00, 0. ]
